00100000000000010000000000000001        0
00100000000000100000000000000010        4
00100000000000110000000000000010        8
00100000000001000000000000000100        C
00000000000000110010100000010000        10
10001100000000100000000000000000        14
10001100000001010000000000000100        18
10000100000001100000000000000000        1C
10000100100001110000000000000000        20
11101100010001010000000000000011        24
00000000010000110100000000010010        28
10001100000000010000000000001000        2C
11101100100010000000000000000010        30
00100000000010010000000000000001        34
10001100000000010000000000001100        38
00100000000010100000000000000001        3C
10001100000000010000000000010000        40
10010100010000110000000000000011        44
00100000000010110000000000000011        48
10001100000001000000000000010100        4C
10010100010001010000000000000010        50
00100000000011000000000000000011        54
10001100000001000000000000011000        58
00100000000011010000000000000011        5C
10001100000001000000000000011100        60
10001000000000000000000000011101        64 // jump
00100000000001010000000000000101        68
00100000000011100000000000000011        6C
10001100000001000000000000100000        70
00000000101000110111100000100000        74
10001100000001000000000000100100        78

